0.000001	0.000371
0.000001	0.000513
0.000001	0.000402
0.000001	0.000395
0.000002	0.000929
0.000002	0.000464
0.000005	0.001105
0.000006	0.000861
0.000007	0.001076
0.000010	0.001412
0.000021	0.001613
0.000016	0.001664
0.000019	0.001840
0.000027	0.001641
0.000032	0.002064
0.000039	0.002153
0.000045	0.001987
0.000053	0.002299
0.000062	0.002574
0.000071	0.002464
0.000082	0.002715
0.000094	0.002471
0.000107	0.003049
0.000126	0.002805
0.000232	0.003076
0.000151	0.003326
0.000191	0.003217
0.000187	0.003203
0.000227	0.003155
0.000125	0.002419
0.000111	0.002531
0.000214	0.002464
0.000210	0.002695
0.000147	0.002621
0.000280	0.002826
0.000196	0.002596
0.000263	0.003219
0.000285	0.002424
0.000293	0.002348
0.000360	0.002493
0.000333	0.003125
0.000362	0.003000
0.000409	0.003913
0.000374	0.004007
0.000398	0.003194
0.000417	0.003027
0.000504	0.003388
0.000489	0.004264
0.000429	0.003973
0.000611	0.004210
0.000584	0.003893
0.000607	0.003494
0.000635	0.003996
0.000644	0.004690
0.000667	0.004337
0.000670	0.004334
0.000797	0.005093
0.000762	0.004273
0.000808	0.004849
0.000945	0.003656
0.000992	0.003950
0.000897	0.005308
0.000914	0.004053
0.001017	0.004812
0.001067	0.005339
0.001113	0.005300
0.001810	0.005793
0.001309	0.004494
0.001146	0.006318
0.001499	0.005016
0.001551	0.004102
0.001567	0.004147
0.001681	0.004632
0.001752	0.004218
0.001896	0.004597
0.002083	0.005141
0.001955	0.004979
0.001847	0.004402
0.001960	0.006937
0.001978	0.006570
0.001847	0.007370
0.001967	0.007519
0.002146	0.007418
0.002191	0.006255
0.002288	0.008073
0.002316	0.005804
0.002650	0.006450
0.002582	0.006255
0.003278	0.008669
0.002720	0.007911
0.002900	0.006483
0.002919	0.008140
0.003718	0.007288
0.008314	0.013178
0.006239	0.011312
0.006540	0.010457
0.006565	0.011206
0.007529	0.009991
0.003385	0.008879
0.003997	0.006393
0.004143	0.007129
0.004022	0.008328
0.004508	0.007030
0.004797	0.006949
0.004904	0.006949
0.010086	0.009004
0.007297	0.010036
0.007786	0.009537
0.020906	0.014607
0.010933	0.010265
0.008630	0.009137
0.006586	0.008392
0.007477	0.009251
0.007167	0.008177
0.007321	0.007850
0.007367	0.008670
0.007521	0.008869
0.013416	0.010444
0.007833	0.010829
0.006549	0.006792
0.006783	0.008706
0.007465	0.008622
0.008458	0.009341
0.008614	0.008581
0.008728	0.011385
0.008061	0.009785
0.007895	0.010315
0.009040	0.010141
0.008826	0.011829
0.008544	0.011562
0.008736	0.010354
0.010027	0.010034
0.010113	0.011074
0.010247	0.010517
0.010571	0.012673
0.009680	0.012217
0.010083	0.027621
0.013969	0.011684
0.012011	0.011563
0.012569	0.009424
0.012768	0.010337
0.013168	0.012397
0.012360	0.013454
0.011487	0.010658
0.013314	0.012142
0.012553	0.010999
0.014060	0.013103
0.012762	0.009952
0.014569	0.013066
0.013132	0.011936
0.015107	0.014425
0.015455	0.011703
0.015248	0.012836
0.014899	0.013908
0.016197	0.014204
0.016431	0.012228
0.018156	0.014361
0.016965	0.013963
0.016196	0.013227
0.017211	0.013747
0.017458	0.012103
0.017064	0.014395
0.026779	0.014183
0.020853	0.012945
0.017635	0.013739
0.019074	0.013014
0.025314	0.014271
0.018034	0.012223
0.018770	0.015142
0.018716	0.015052
0.022162	0.013304
0.024330	0.014656
0.022253	0.014960
0.043189	0.026847
0.054097	0.018972
0.059477	0.022826
0.056582	0.018250
0.057288	0.027081
0.056673	0.023485
0.060348	0.030516
0.060570	0.025262
0.062251	0.023814
0.062158	0.034339
0.062133	0.021830
0.066673	0.032111
0.064534	0.031649
0.074619	0.031815
0.075215	0.033381
0.075684	0.024260
0.076846	0.033492
0.074254	0.026399
0.071408	0.033120
0.073556	0.033885
0.077085	0.033708
0.076073	0.031069
0.076957	0.030487
0.080916	0.030034
0.081843	0.031370
0.080878	0.028752
0.080306	0.033714
0.084851	0.031522
0.086577	0.028769
0.095545	0.036364
0.092749	0.035616
0.102432	0.021991
0.099624	0.033828
0.094253	0.037286
0.090655	0.036520
0.092074	0.037342
0.092856	0.026976
0.098181	0.025707
0.098417	0.037431
0.104116	0.036425
0.099920	0.037551
0.101428	0.035156
0.102456	0.024541
0.104182	0.039957
0.102562	0.039850
0.119595	0.036821
0.119835	0.039982
0.125992	0.041111
0.123484	0.039069
0.116904	0.043230
0.116502	0.041389
0.121670	0.038703
0.120950	0.041789
0.123290	0.038181
0.125282	0.040789
0.125867	0.040688
0.129096	0.033665
0.129219	0.029019
0.133430	0.042682
0.130604	0.033903
0.134741	0.043209
0.148373	0.034004
0.156840	0.047142
0.155381	0.046740
0.152261	0.047716
0.143111	0.044767
0.142318	0.044328
0.150052	0.044880
0.149048	0.047181
0.154114	0.042104
0.157716	0.047234
0.158912	0.046352
0.161830	0.045857
0.157064	0.048748
0.158241	0.049269
0.161529	0.049307
0.166389	0.047051
0.255457	0.043580
0.254416	0.037815
0.282122	0.077850
0.305204	0.083954
0.225736	0.064679
0.235810	0.060949
0.214330	0.046492
0.182097	0.054802
0.195429	0.035921
0.205975	0.035920
0.283893	0.045387
0.283937	0.063846
0.190170	0.054826
0.218360	0.047802
0.196974	0.053011
0.200466	0.057688
0.219013	0.054981
0.225548	0.049452
0.225298	0.058710
0.233013	0.056049
0.211234	0.048636
0.208752	0.050051
0.214449	0.059124
0.217635	0.062923
0.239461	0.058191
0.239233	0.051388
0.250518	0.053135
0.250186	0.060877
0.227233	0.065895
0.233498	0.062829
0.237429	0.064849
0.235343	0.065219
0.266269	0.064107
0.268167	0.068151
0.276323	0.063312
0.270196	0.067835
0.255690	0.056457
0.277478	0.052713
0.283232	0.072138
0.275574	0.058060
0.285346	0.074478
0.298155	0.062207
0.280256	0.064580
0.284013	0.050079
0.275038	0.045206
0.273324	0.068785
0.284143	0.069164
0.281488	0.066433
0.300319	0.077822
0.307749	0.059889
0.308042	0.072779
0.312989	0.062209
0.300836	0.071768
0.296609	0.065221
0.309616	0.066923
0.307255	0.071097
0.308478	0.080891
0.331727	0.080381
0.308556	0.057795
0.350315	0.067461
0.345535	0.074998
0.331116	0.081098
0.329180	0.057184
0.328654	0.077741
0.391557	0.072399
0.394505	0.081477
0.435220	0.063703
0.384591	0.093337
0.350436	0.083810
0.345805	0.065473
0.347809	0.082757
0.357773	0.073058
0.381780	0.074102
0.374494	0.088452
0.384437	0.098538
0.395439	0.092605
0.381468	0.085713
0.374745	0.060351
0.380047	0.098924
0.387217	0.095737
0.418244	0.065550
0.432562	0.065443
0.440906	0.090961
0.434645	0.097337
0.409116	0.101431
0.412215	0.085584
0.410490	0.095345
0.438360	0.076103
0.422299	0.079025
0.413301	0.095816
0.428615	0.100708
0.419911	0.091212
0.434387	0.109453
0.430436	0.099535
0.436532	0.113295
0.456044	0.103294
0.483751	0.078053
0.487251	0.089527
0.489507	0.099605
0.492198	0.080030
0.466710	0.108313
0.470220	0.102354
0.512626	0.123801
0.490490	0.097251
0.502241	0.111405
0.522622	0.106791
0.500604	0.087189
0.494792	0.085377
0.497118	0.111608
0.503302	0.106244
0.509749	0.102967
0.509824	0.109939
0.603450	0.107744
0.558229	0.089170
0.556207	0.096162
0.559390	0.118877
0.546169	0.118038
0.549073	0.100641
0.537225	0.113180
0.555800	0.121938
0.570650	0.116334
0.569443	0.102449
0.581566	0.128731
0.563953	0.130537
0.566588	0.108008
0.571508	0.100196
0.579397	0.110561
0.578113	0.131269
0.832652	0.156626
0.896993	0.167890
0.894602	0.132907
0.906716	0.135731
0.609688	0.133732
0.609205	0.117527
0.627879	0.105354
0.624784	0.118949
0.660449	0.162062
0.694515	0.157634
0.688986	0.141880
0.690045	0.146292
0.655194	0.121175
0.776494	0.132532
0.699443	0.140337
0.690056	0.140951
0.694757	0.143677
0.696723	0.136773
0.712437	0.136347
0.718333	0.137734
0.693788	0.161779
0.708162	0.135225
0.710964	0.143573
0.717772	0.137935
0.719601	0.138763
0.721971	0.143684
0.732000	0.144758
0.743140	0.155821
0.762114	0.153831
0.750458	0.164706
0.924596	0.150510
0.833633	0.178017
0.804306	0.130540
0.820432	0.156646
0.830682	0.160863
0.854669	0.170678
0.776759	0.137083
0.820056	0.160329
0.803321	0.158974
0.819398	0.143142
0.813899	0.169361
0.808639	0.189925
0.998096	0.202705
0.855091	0.147802
0.851571	0.191454
0.846276	0.166405
0.849550	0.181863
0.898593	0.175219
0.901301	0.189048
0.914559	0.190548
0.917930	0.166781
0.938766	0.211031
0.910332	0.190657
0.906773	0.190156
0.891777	0.181276
0.905072	0.196152
0.918331	0.194875
0.922019	0.186936
0.931480	0.183683
0.927394	0.207716
0.938877	0.207728
0.945419	0.185195
0.967712	0.184330
0.956316	0.190448
1.026828	0.213103
1.024305	0.216853
1.043498	0.222002
1.040549	0.209321
1.004613	0.219677
1.010984	0.195317
1.016882	0.198273
1.031130	0.218524
1.097730	0.229099
1.032654	0.220984
1.037008	0.203850
1.043871	0.224574
1.061030	0.231019
1.074827	0.225631
1.073149	0.230476
1.083702	0.225436
1.113253	0.219871
1.158044	0.247166
1.157406	0.184372
1.145805	0.227945
1.107985	0.247767
1.143250	0.206189
1.131471	0.230341
1.168278	0.202756
1.132478	0.221800
1.148402	0.227667
1.154338	0.236650
1.168708	0.239140
1.198887	0.212595
1.193129	0.229932
1.244218	0.232726
1.196343	0.232754
1.239506	0.251046
1.263432	0.269916
1.272129	0.241897
1.284495	0.283175
1.258672	0.284382
1.258092	0.249611
1.262128	0.236787
1.277790	0.275946
1.262874	0.278657
1.280271	0.257895
1.295139	0.277820
1.300109	0.266235
1.321884	0.263608
1.306393	0.300444
1.330832	0.269743
1.336835	0.246779
1.349812	0.308325
1.494562	0.314988
1.453979	0.299929
1.448894	0.312665
1.380776	0.327355
1.412058	0.287914
1.418894	0.264847
1.420577	0.269755
1.435748	0.293882
1.502494	0.320013
1.558673	0.285438
1.577564	0.319762
1.503549	0.336745
1.666176	0.350367
1.438117	0.369072
1.511404	0.301715
2.165574	0.355088
2.262391	0.484170
2.547793	0.398753
2.225061	0.500422
1.607634	0.389546
1.606905	0.380624
1.684708	0.367081
1.641143	0.388402
1.694628	0.342824
1.899026	0.406932
2.062051	0.402067
2.172330	0.372563
1.864813	0.378737
1.629709	0.344907
1.705769	0.309152
1.662804	0.318194
1.750889	0.315948
1.938587	0.402787
1.994368	0.316124
2.048718	0.436994
1.701601	0.391909
1.749205	0.392074
1.719501	0.392657
1.734081	0.339570
1.717159	0.341537
1.743121	0.372738
1.742672	0.358584
1.753649	0.341236
1.838767	0.371183
1.795193	0.367087
1.811093	0.307304
1.818320	0.352087
1.821021	0.393364
1.817172	0.385399
1.825631	0.362421
1.902590	0.371971
1.862151	0.357045
1.865286	0.398578
2.007417	0.414218
2.131014	0.414485
1.864804	0.351761
1.938155	0.383905
1.909300	0.371030
1.915399	0.407930
1.952280	0.397503
1.996845	0.355366
1.986741	0.410410
1.984188	0.398851
2.008789	0.430666
2.088927	0.407278
2.046299	0.493711
2.046495	0.454719
2.280680	0.455244
2.088608	0.397354
2.036638	0.459824
2.049507	0.430011
2.067622	0.456438
2.071815	0.420231
2.079734	0.479977
2.082628	0.453657
2.116988	0.450969
2.129342	0.434018
2.136556	0.439402
2.159019	0.432038
2.188765	0.444636
2.348779	0.503748
2.324737	0.464354
2.325443	0.484557
2.295744	0.542839
2.570732	0.562241
2.545820	0.434221
2.425130	0.530184
2.235200	0.513970
2.271628	0.458043
2.357641	0.511203
2.336548	0.510827
2.314827	0.490794
2.344949	0.436123
2.340551	0.464658
2.362064	0.485384
2.339532	0.503618
2.359642	0.447047
2.364435	0.497095
2.384188	0.515040
2.433689	0.508350
2.426423	0.476102
2.513523	0.532237
2.453129	0.516754
2.453210	0.547557
2.508603	0.565680
2.512647	0.510782
2.544527	0.485304
2.520369	0.571317
2.523502	0.512556
2.595155	0.573729
2.609843	0.589210
2.574062	0.469035
2.595127	0.556729
2.587405	0.525545
2.577995	0.560612
2.592516	0.615971
2.602263	0.595711
2.618483	0.594152
2.639492	0.640817
2.627562	0.572369
2.698958	0.576944
2.713347	0.540936
2.682310	0.599512
2.708856	0.628686
2.825115	0.547574
2.631672	0.593053
2.557242	0.546989
2.918036	0.611475
2.651210	0.679846
2.933856	0.575673
2.861463	0.700145
2.855068	0.720039
2.856446	0.683753
2.888550	0.687008
2.914144	0.708915
2.909892	0.674843
2.894762	0.683229
2.938464	0.658791
2.917187	0.626679
3.075297	0.773052
3.087129	0.765256
3.126947	0.778131
3.090872	0.779727
3.752555	0.816696
3.869712	0.830283
3.904804	0.768064
3.910421	0.904132
3.040700	0.614839
3.390846	0.705381
3.173401	0.701943
3.133432	0.622982
3.686074	0.867942
3.934596	0.773494
3.906431	0.878321
3.895767	0.931585
3.234463	0.736449
3.372434	0.792065
3.853714	0.697219
3.217919	0.709389
3.266582	0.750847
3.222063	0.688981
3.234477	0.712463
3.246543	0.761187
3.453271	0.660502
3.354554	0.779753
3.638512	0.802470
3.431770	0.835562
3.323614	0.775123
3.336254	0.691188
3.508142	0.799962
3.403036	0.731708
3.435377	0.803019
3.424186	0.730973
3.478416	0.708149
3.459987	0.786486
3.495129	0.815085
3.511830	0.758424
3.531461	0.717208
3.599876	0.808621
3.886601	0.878991
3.912550	0.862092
3.863844	0.773592
3.948810	0.824288
3.734651	0.988332
3.681518	0.955013
3.718757	0.856903
3.740117	0.937038
3.683748	0.902809
3.718073	0.991384
3.737149	1.010064
3.769738	0.988497
4.037009	0.872508
4.070521	0.932154
4.166141	0.965519
4.037455	0.829922
3.896150	0.817413
3.835323	0.808326
3.863792	0.895178
3.856626	0.854641
3.939562	0.876731
3.900122	0.794909
3.966886	0.807953
3.908817	0.946854
3.943477	0.922896
3.962657	0.864113
4.026664	0.956665
3.990020	0.942115
5.504614	1.351532
5.614017	1.337638
5.637288	1.354345
5.728853	1.389996
4.503326	1.120532
4.444187	1.120266
4.497568	1.014143
4.522770	1.186233
4.345839	1.088814
4.315657	1.040136
4.285470	0.956345
4.318050	1.045037
4.264859	1.049750
4.416577	1.048951
4.387713	0.960719
4.429855	1.045906
4.456779	1.048580
4.608685	1.066745
4.626554	1.248309
4.700148	1.046511
4.426012	1.040169
4.441025	1.107243
4.403330	1.064995
4.445433	1.017363
4.366813	1.045311
4.455788	1.056080
4.467397	1.089172
4.513046	1.060538
4.523910	1.156203
4.551202	1.388507
4.556538	1.179419
4.380290	1.229464
6.243504	1.477356
6.089999	1.448558
6.153225	1.482394
6.164982	1.280965
4.683715	0.962102
4.624730	1.108210
4.644317	1.156683
4.645429	1.172603
4.686783	1.116820
4.638290	1.239826
4.720998	1.268738
4.802607	1.240812
4.741816	1.021950
4.767642	1.000201
4.782116	1.194947
4.825877	1.162986
6.333739	1.581438
6.337112	1.599602
6.426933	1.615478
6.258970	1.600701
5.220532	1.390114
5.015684	1.369905
5.025190	1.314044
5.081027	1.300608
5.895274	1.531238
5.908407	1.486397
5.977554	1.343694
5.949107	1.214043
5.154686	1.375126
5.235044	1.373672
5.270617	1.403801
5.274834	1.471467
7.308390	1.651862
7.412819	1.819521
7.422173	1.815735
7.439715	1.828320
5.388439	1.480613
4.523822	0.662556
3.070387	0.701787
2.871239	0.760647
2.931195	0.708334
2.810340	0.760617
2.953587	0.692540
2.840251	0.675804
3.083746	0.801746
3.266915	0.733451
3.015903	0.859699
3.132840	0.755044
3.320858	0.880248
3.187125	0.800292
3.354349	0.852148
3.210765	0.835377
3.065902	0.765877
2.932763	0.787241
2.923241	0.787260
3.093607	0.744900
3.035248	0.768580
3.058107	0.740510
3.028422	0.758910
3.160418	0.788763
3.260744	0.720791
3.429060	0.755230
2.978244	0.771434
3.227632	0.797482
2.966617	0.779310
3.005968	0.791608
3.240133	0.777045
3.296404	0.722753
3.176318	0.837811
3.078263	0.817358
3.054392	0.825991
3.172300	0.885125
3.359932	0.769670
3.241579	0.922483
3.335936	0.782207
3.140405	0.826640
3.283548	0.913192
3.394074	0.845166
3.255595	0.992445
3.289192	0.835894
3.250691	0.834424
3.471399	0.823169
3.527288	0.850252
3.589454	0.898777
3.301381	0.949483
3.517600	0.962989
3.475321	0.885982
3.737998	1.053302
4.062721	0.870319
5.130325	0.943767
4.507775	1.112580
5.341695	0.963688
5.388140	1.006759
4.015154	1.013905
4.050705	0.957312
3.791803	0.916556
4.133419	0.880704
4.523597	1.051903
3.725700	0.967380
3.791325	1.140392
3.731833	0.936750
3.549509	0.943890
3.523258	1.043014
3.621596	0.939282
3.696001	1.087595
3.687605	0.975256
3.971791	1.106936
3.843943	1.180484
3.669982	1.076105
3.728753	0.956498
3.717808	1.014050
3.740670	1.105718
3.754894	0.913853
3.792916	1.089153
3.711453	1.044224
3.725129	0.995298
3.869642	1.119036
3.861621	0.956907
3.884515	1.231685
3.809139	1.040219
3.914088	1.086452
3.850930	1.127368
4.065369	1.189723
4.377680	1.108837
4.435777	1.129708
4.200089	1.191703
3.997748	1.059399
4.031788	1.138523
3.947272	1.191547
4.082870	1.110719
4.116754	1.277113
4.015566	1.107734
4.520259	1.243061
4.308319	1.162673
4.394353	1.213122
4.515367	1.144536
4.386104	1.273623
4.626124	1.280496
4.217783	1.377197
4.306582	1.366138
4.488022	1.287130
4.481921	1.210080
4.484853	1.319169
4.372141	1.239378
4.640415	1.309922
4.725538	1.141824
4.315963	1.177946
4.786500	1.286104
4.500207	1.402992
4.592355	1.429438
4.589312	1.361171
4.490808	1.336177
4.427271	1.205469
4.445061	1.179399
4.388132	1.337052
4.493082	1.326001
4.632354	1.328892
4.881966	1.227661
4.522894	1.348490
4.523487	1.309250
6.087198	1.916863
6.459608	1.941894
6.414060	1.964966
6.593733	1.931182
5.577793	1.360647
4.596932	1.448188
4.731807	1.285281
4.760390	1.475059
4.905021	1.405699
4.702871	1.477188
5.082864	1.538253
5.030415	1.547078
4.757490	1.521146
4.986411	1.594596
4.909409	1.439645
4.807865	1.538158
4.984157	1.507897
4.836589	1.413506
4.957795	1.444520
4.970653	1.567919
5.092289	1.621089
5.107165	1.463085
5.110646	1.520264
5.196936	1.455033
5.040483	1.678091
5.781862	1.756158
5.457286	1.763632
5.330953	1.510729
5.243967	1.531183
5.576691	1.514496
4.971589	1.554562
5.382326	1.621773
5.634264	1.821470
5.843628	1.808886
6.013559	1.864640
6.518659	1.849180
5.660046	1.648148
5.285195	1.568429
5.326489	1.588971
5.417950	1.601083
5.321464	1.838264
5.357766	1.855829
5.666751	1.769222
5.383985	1.819928
5.936612	1.755667
5.639494	1.750435
5.996611	1.777668
5.800423	1.776301
5.562274	1.701429
6.231929	1.362415
6.194335	1.656250
5.397310	1.807777
5.731648	1.866238
5.882387	1.766524
5.687894	1.748284
6.016215	1.809558
5.945084	1.852919
5.914064	1.710465
5.815025	1.841836
5.547876	1.755952
6.600819	1.703051
6.186553	1.832819
6.119454	1.825820
6.453648	1.751273
6.231408	2.180436
6.285978	2.156226
6.932736	2.166658
6.636424	2.204547
6.158038	1.900173
6.108105	1.981432
6.821571	2.039318
6.454624	1.961721
6.674307	1.864906
6.475836	1.838258
6.664054	1.867703
6.727714	1.892108
6.534016	1.906389
6.242501	1.988493
6.203297	1.962829
6.526415	1.945399
7.181189	2.290122
7.038064	2.332969
7.654599	2.336874
7.016997	2.367919
6.436491	2.029267
6.765024	2.041954
6.878584	2.045970
6.385366	2.013751
6.922378	1.973410
6.863658	2.002324
6.877546	1.993511
7.336099	1.970359
6.581529	2.081644
6.570532	2.025150
6.590465	2.090407
6.651813	2.049325
8.210212	2.688008
8.409633	2.694090
8.883308	2.722604
8.762891	2.571506
6.938239	2.059895
6.837769	2.171064
6.972485	2.146842
6.831413	2.250081
7.611949	2.143138
7.762837	2.163876
7.588474	2.145438
7.810540	2.195831
7.290097	2.295434
6.972546	2.297078
